year month day hour minute second latitude longitude depth mag-type magnitude
04 12 26 00 58 53.0  03.287   95.972  30.0 MW 9.0
04 12 26 01 17 10.0  04.999   94.305  30.0 MB 5.5
04 12 26 01 21 21.0  06.340   93.342  35.1 MB 6.1
04 12 26 01 22 25.0  07.417   94.011  29.5 MB 6.0
04 12 26 01 25 48.0  05.438   94.172  30.0 MB 6.1
04 12 26 01 30 15.0  08.796   93.699  30.0 MB 5.5
04 12 26 01 33 22.0  07.709   93.640  25.0 MB 5.5
04 12 26 01 40 07.0  05.832   93.125  30.0 MB 5.3
04 12 26 01 48 51.0  05.389   94.443  52.5 MB 5.7
04 12 26 01 52 45.0  10.376   92.084  30.0 MB 5.2
04 12 26 01 59 14.0  08.393   92.430  30.0 MB 5.3
04 12 26 02 00 40.0  06.857   94.530  34.6 MB 6.0
04 12 26 02 15 23.0  06.262   93.504  30.0 MB 5.6
04 12 26 02 15 51.0  12.083   92.197  30.0 MB 5.3
04 12 26 02 15 59.0  12.320   92.477  28.7 MB 5.7
04 12 26 02 22 01.0  08.833   92.427  14.7 MB 5.7
04 12 26 02 30 31.0  06.685   92.988  30.0 MB 5.1
04 12 26 02 34 51.0  03.977   94.124  24.8 MB 5.7
04 12 26 02 36 08.0  12.164   92.931  25.0 MB 5.8
04 12 26 02 38 09.0  08.519   92.284  33.3 MB 5.6
